%YAML:1.0
mm_per_unit: 10.0
corners: 
 - [[42,38,0],[59,38,0],[59,21,0],[42,21,0]] 
 - [[40,59,0],[59,59,0],[59,40,0],[40,40,0]] 
 - [[21,59,0],[38,59,0],[38,42,0],[21,42,0]] 
 - [[0,59,0],[19,59,0],[19,40,0],[0,40,0]] 
 - [[0,38,0],[17,38,0],[17,21,0],[0,21,0]] 
 - [[0,19,0],[19,19,0],[19,0,0],[0,0,0]] 
 - [[21,17,0],[38,17,0],[38,0,0],[21,0,0]] 
 - [[40,19,0],[59,19,0],[59,0,0],[40,0,0]] 
 - [[38,31,0],[41,31,0],[41,28,0],[38,28,0]] 
 - [[37,35,0],[40,35,0],[40,32,0],[37,32,0]] 
 - [[36,39,0],[39,39,0],[39,36,0],[36,36,0]] 
 - [[32,40,0],[35,40,0],[35,37,0],[32,37,0]] 
 - [[28,41,0],[31,41,0],[31,38,0],[28,28,0]] 
 - [[24,40,0],[27,40,0],[27,37,0],[24,37,0]] 
 - [[20,39,0],[23,39,0],[23,36,0],[20,36,0]] 
 - [[19,35,0],[22,35,0],[22,32,0],[19,32,0]] 
 - [[18,31,0],[21,31,0],[21,28,0],[18,28,0]] 
 - [[19,27,0],[22,27,0],[22,24,0],[19,24,0]] 
 - [[20,23,0],[23,23,0],[23,20,0],[20,20,0]] 
 - [[24,22,0],[27,22,0],[27,19,0],[24,19,0]] 
 - [[28,21,0],[31,21,0],[31,18,0],[28,18,0]] 
 - [[32,22,0],[35,22,0],[35,19,0],[32,19,0]] 
 - [[36,23,0],[39,23,0],[39,20,0],[36,20,0]] 
 - [[37,27,0],[40,27,0],[40,24,0],[37,24,0]] 
 - [[34,31,0],[37,31,0],[37,28,0],[34,28,0]] 
 - [[32,35,0],[35,35,0],[35,32,0],[32,32,0]] 
 - [[28,37,0],[31,37,0],[31,34,0],[28,34,0]] 
 - [[24,35,0],[27,35,0],[27,32,0],[24,32,0]] 
 - [[22,31,0],[25,31,0],[25,28,0],[22,28,0]] 
 - [[24,27,0],[27,27,0],[27,24,0],[24,24,0]] 
 - [[28,25,0],[31,25,0],[31,22,0],[28,22,0]] 
 - [[32,27,0],[35,27,0],[35,24,0],[32,24,0]]
ids:  
 - 0 
 - 1 
 - 2 
 - 3 
 - 4 
 - 5 
 - 6 
 - 7 
 - 8 
 - 9 
 - 10 
 - 11 
 - 12 
 - 13 
 - 14 
 - 15 
 - 16 
 - 17 
 - 18 
 - 19 
 - 20 
 - 21 
 - 22 
 - 23 
 - 24 
 - 25 
 - 26 
 - 27 
 - 28 
 - 29 
 - 30 
 - 31
